4
4
6
7
3
2
4
5
5
6
2
6
1
4
7
1
7
4
2
6
2
2
7 (cleared)
1 (cleared)
1
5
3
4
6
2
2 #level2
5
2
5
2
4
5
6
6
1
6
1
1
6
5
5
6
6
5
3
7
4
1
5
5
5 (cleared)
1 (cleared)
7
6
4 #level3
3
5
7
6
6
3
5
3
6
3
6
1
7
7
1
2
7
6
2
4
7
4
6
3
3
5 (cleared)
2 
3 #level4
3
4
3
3
3
1
3
1
1
2
4
2
2
7
2
4
7
3
6
7
6
4
7
7
7
5 
5 #level5
4
3
3
2
2
4
1
1
5
3
3
6
4
2
2
1
1
3
2
3
1
3 (cleared)
1 (cleared)
2

7
3
2
6
6
2
2
2
7
6
1
5
5
4
4
6
7
5
5
7
2
1
3
6
4 (cleared)
3
4 #level7
4
6
3
4
3
7
2
5
3
3

1
1
6
6
3
2
2
1
1
5
1
6
7
3 #level8
2
2
5
6
6
2
3
3
7
4
7
7
4
5
4
6
2
6
7
1
7
4
2 #level9
1
2
1
6
7
1
6
2
2
3
3
4
4
2
4
5
4
7
2
7
4
6 #level10
3
3
5
7
7